{
    "intrinsic": {
        "width": 512,
        "height": 512,
        "fov": 74.10952960675337
    },
    "to_world": [
        [
            [
                -0.9982916116714478,
                -0.006306585900076032,
                -0.058085322931405614,
                -0.026227479800581932
            ],
            [
                -0.058426689356565475,
                0.10775569345650518,
                0.9924590681819062,
                0.46764397621154785
            ],
            [
                -1.7792691764384472e-09,
                0.9941573833416175,
                -0.1079401547824524,
                0.0038306908681988716
            ],
            [
                0.0,
                0.0,
                0.0,
                1.0
            ]
        ],
        [
            [
                0.4201973080635071,
                0.18112840081203693,
                -0.8891719421349246,
                -0.3213597536087036
            ],
            [
                -0.9074327349662781,
                0.08387364321384246,
                -0.4117413983930155,
                -0.18566828966140747
            ],
            [
                4.2824119361739577e-08,
                0.9798763815901791,
                0.19960531218023914,
                0.04683081433176994
            ],
            [
                0.0,
                0.0,
                0.0,
                1.0
            ]
        ],
        [
            [
                -0.9696261882781982,
                0.087108699096631,
                -0.2285543753049826,
                -0.0013578695943579078
            ],
            [
                -0.24459156394004822,
                -0.34532218151772925,
                0.9060505326695646,
                0.42680874466896057
            ],
            [
                -6.762370219348668e-09,
                0.9344327734498087,
                0.3561394733514006,
                0.19185476005077362
            ],
            [
                0.0,
                0.0,
                0.0,
                1.0
            ]
        ],
        [
            [
                0.9649162292480469,
                -0.050169855177352986,
                -0.2577200873842658,
                -0.06141669675707817
            ],
            [
                -0.2625579237937927,
                -0.1843772894635263,
                -0.947136895086067,
                -0.48206424713134766
            ],
            [
                -9.223235508670768e-10,
                0.9815741944468557,
                -0.19108114006009977,
                -0.11024966090917587
            ],
            [
                0.0,
                0.0,
                0.0,
                1.0
            ]
        ],
        [
            [
                0.6724393367767334,
                0.027233689493188263,
                -0.7396510219607442,
                -0.2544962763786316
            ],
            [
                -0.7401522397994995,
                0.024742190799482557,
                -0.6719839551276235,
                -0.21293769776821136
            ],
            [
                1.0687681850640729e-08,
                0.9993228284140208,
                0.0367946865092275,
                0.012171232141554356
            ],
            [
                0.0,
                0.0,
                0.0,
                1.0
            ]
        ],
        [
            [
                0.9171469807624817,
                0.1904100916667225,
                0.3501219319866052,
                0.15747103095054626
            ],
            [
                0.39854907989501953,
                -0.438174505130219,
                -0.8057057048484912,
                -0.43715277314186096
            ],
            [
                -6.441304378768109e-09,
                0.8784913242300272,
                -0.47775818178101437,
                -0.1576453596353531
            ],
            [
                0.0,
                0.0,
                0.0,
                1.0
            ]
        ],
        [
            [
                0.9925937652587891,
                0.08555670091461771,
                -0.08624190089184483,
                -0.12716098129749298
            ],
            [
                -0.12148092687129974,
                0.699064972015481,
                -0.7046635135813917,
                -0.22507837414741516
            ],
            [
                4.226328176315519e-09,
                0.7099213580503159,
                0.7042810345440755,
                0.2971929609775543
            ],
            [
                0.0,
                0.0,
                0.0,
                1.0
            ]
        ],
        [
            [
                0.6643199324607849,
                0.03031256226369175,
                0.7468333866870319,
                0.24387776851654053
            ],
            [
                0.7474483251571655,
                -0.026941282387754676,
                -0.6637734198281261,
                -0.2581673562526703
            ],
            [
                -1.8424405112682507e-08,
                0.9991773402382222,
                -0.04055470061277171,
                -0.06887512654066086
            ],
            [
                0.0,
                0.0,
                0.0,
                1.0
            ]
        ],
        [
            [
                -0.512178361415863,
                0.6737978924024073,
                -0.5326066024144541,
                -0.33441388607025146
            ],
            [
                -0.8588791489601135,
                -0.40180817042849765,
                0.317611122766951,
                0.11339426040649414
            ],
            [
                4.6332857550623885e-09,
                0.6201182514043527,
                0.7845084017237568,
                0.3705691397190094
            ],
            [
                0.0,
                0.0,
                0.0,
                1.0
            ]
        ],
        [
            [
                0.30788689851760864,
                -0.6037815762484201,
                -0.7352914145930444,
                -0.3827551603317261
            ],
            [
                -0.951422929763794,
                -0.1953878194691661,
                -0.23794521609410385,
                -0.12774287164211273
            ],
            [
                -1.2821018913200533e-08,
                0.7728333431952017,
                -0.634609035639588,
                -0.3031071722507477
            ],
            [
                0.0,
                0.0,
                0.0,
                1.0
            ]
        ],
        [
            [
                0.5160784125328064,
                0.7664458489930026,
                -0.38239227985415697,
                -0.13904018700122833
            ],
            [
                -0.8565413355827332,
                0.46179460513148285,
                -0.23039684132819724,
                -0.10533400624990463
            ],
            [
                -8.82382789058056e-09,
                0.44643763825688165,
                0.8948147687193765,
                0.3856229782104492
            ],
            [
                0.0,
                0.0,
                0.0,
                1.0
            ]
        ],
        [
            [
                -0.9973753690719604,
                0.017541196750547303,
                -0.07024726863337434,
                -0.09263945370912552
            ],
            [
                -0.07240422815084457,
                -0.24163166697513172,
                0.9676630285737722,
                0.35773053765296936
            ],
            [
                1.9647201643380185e-09,
                0.9702095177569197,
                0.24226755935053912,
                0.12780360877513885
            ],
            [
                0.0,
                0.0,
                0.0,
                1.0
            ]
        ],
        [
            [
                -0.4479053318500519,
                0.07076852427459995,
                0.8912757696984455,
                0.375033974647522
            ],
            [
                0.8940809369087219,
                0.03545268074354465,
                0.44650009584420247,
                0.23742364346981049
            ],
            [
                7.373959221013138e-09,
                0.996862478023388,
                -0.07915228086060534,
                0.05594567209482193
            ],
            [
                0.0,
                0.0,
                0.0,
                1.0
            ]
        ],
        [
            [
                0.4071761667728424,
                -0.7641365965485282,
                0.5003027247925198,
                0.2294042706489563
            ],
            [
                0.9133496284484863,
                0.340656121202214,
                -0.22303761543965425,
                -0.12039050459861755
            ],
            [
                2.65240807095779e-09,
                0.5477669103684691,
                0.8366309287199827,
                0.4110991656780243
            ],
            [
                0.0,
                0.0,
                0.0,
                1.0
            ]
        ],
        [
            [
                0.9567994475364685,
                -0.17985962838274977,
                0.228441148173688,
                0.14590772986412048
            ],
            [
                0.2907487452030182,
                0.5918842019206221,
                -0.7517567951606,
                -0.20219483971595764
            ],
            [
                -8.196131773274828e-09,
                0.7856994326520229,
                0.6186084242101865,
                0.2711149752140045
            ],
            [
                0.0,
                0.0,
                0.0,
                1.0
            ]
        ],
        [
            [
                0.8051900267601013,
                -0.02993392050710572,
                -0.5922608997764874,
                -0.23002155125141144
            ],
            [
                -0.5930169224739075,
                -0.040643807978898716,
                -0.8041636383302698,
                -0.3636941611766815
            ],
            [
                3.2016842510529386e-09,
                0.9987252398750622,
                -0.05047730193489224,
                0.03060160204768181
            ],
            [
                0.0,
                0.0,
                0.0,
                1.0
            ]
        ],
        [
            [
                0.13205066323280334,
                0.4810145360955146,
                -0.8667108592087562,
                -0.29985690116882324
            ],
            [
                -0.9912430047988892,
                0.06407948102639244,
                -0.11546085214698001,
                0.02560182847082615
            ],
            [
                9.468003270285408e-09,
                0.8743677311097435,
                0.48526404991416106,
                0.13106808066368103
            ],
            [
                0.0,
                0.0,
                0.0,
                1.0
            ]
        ],
        [
            [
                -0.9996753931045532,
                0.01631023749938117,
                0.019575491110825783,
                0.06915824860334396
            ],
            [
                0.025479868054389954,
                0.6399147435147656,
                0.7680234276396017,
                0.3683275282382965
            ],
            [
                -2.9874369644744547e-10,
                0.7682728730961463,
                -0.6401224656800006,
                -0.27172157168388367
            ],
            [
                0.0,
                0.0,
                0.0,
                1.0
            ]
        ],
        [
            [
                0.9999986290931702,
                0.001133002583412561,
                0.0012196709693916017,
                -0.09048707783222198
            ],
            [
                0.0016647197771817446,
                -0.6805956319215061,
                -0.7326573728464283,
                -0.26521867513656616
            ],
            [
                1.1901916951995162e-11,
                0.7326583861254728,
                -0.6805965855957339,
                -0.17809319496154785
            ],
            [
                0.0,
                0.0,
                0.0,
                1.0
            ]
        ],
        [
            [
                -0.11747082322835922,
                -0.527252866882642,
                0.8415491716070551,
                0.35409629344940186
            ],
            [
                0.9930763244628906,
                -0.06236865124143882,
                0.09954673996706236,
                0.059959858655929565
            ],
            [
                -2.989264302755146e-08,
                0.8474164140988047,
                0.5309288050481605,
                0.22155386209487915
            ],
            [
                0.0,
                0.0,
                0.0,
                1.0
            ]
        ],
        [
            [
                -0.09943804889917374,
                0.259486174050408,
                0.9606138694638788,
                0.387533038854599
            ],
            [
                0.9950437545776367,
                0.02593130151627437,
                0.09599734324417904,
                -0.04767923802137375
            ],
            [
                3.376555923750857e-08,
                0.9653986324362144,
                -0.26077864074942037,
                -0.03816891834139824
            ],
            [
                0.0,
                0.0,
                0.0,
                1.0
            ]
        ],
        [
            [
                -0.9986312985420227,
                0.025426614759328357,
                0.04570359958967546,
                0.0700862854719162
            ],
            [
                0.05230040103197098,
                0.48549942493700476,
                0.8726711101584056,
                0.27713173627853394
            ],
            [
                -1.0825893514976315e-09,
                0.8738670774139972,
                -0.4861648510867224,
                -0.2011464238166809
            ],
            [
                0.0,
                0.0,
                0.0,
                1.0
            ]
        ],
        [
            [
                -0.9920685887336731,
                0.07522194697235228,
                0.10070445301108691,
                -0.019654739648103714
            ],
            [
                0.12569697201251984,
                0.5936923524282907,
                0.794814161704486,
                0.314932644367218
            ],
            [
                2.288476519396454e-09,
                0.8011684940896528,
                -0.5984388485501759,
                -0.24493831396102905
            ],
            [
                0.0,
                0.0,
                0.0,
                1.0
            ]
        ],
        [
            [
                0.03320140019059181,
                -0.286226773530389,
                0.9575864422433508,
                0.33236250281333923
            ],
            [
                0.9994486570358276,
                0.009508300559648747,
                -0.031810733589772995,
                0.0839545875787735
            ],
            [
                3.579387453100935e-08,
                0.9581147181961943,
                0.28638463647826,
                0.06314096599817276
            ],
            [
                0.0,
                0.0,
                0.0,
                1.0
            ]
        ],
        [
            [
                0.9289590120315552,
                -0.2579931252818511,
                0.2654706312178808,
                0.1605377197265625
            ],
            [
                0.3701825439929962,
                0.6474239812556514,
                -0.6661885410795412,
                -0.25894540548324585
            ],
            [
                -4.7384869361621895e-09,
                0.7171344743846704,
                0.6969349415200337,
                0.23625804483890533
            ],
            [
                0.0,
                0.0,
                0.0,
                1.0
            ]
        ],
        [
            [
                0.7884544730186462,
                -0.37797917653757024,
                -0.48525387372888357,
                -0.16727234423160553
            ],
            [
                -0.6150931715965271,
                -0.48451090381596973,
                -0.6220205849789058,
                -0.33451104164123535
            ],
            [
                8.535410600529758e-09,
                0.7889112771334907,
                -0.6145071889695753,
                -0.3491764962673187
            ],
            [
                0.0,
                0.0,
                0.0,
                1.0
            ]
        ],
        [
            [
                -0.8936287760734558,
                -0.009440847784231286,
                0.4487075201364198,
                0.1976228654384613
            ],
            [
                0.4488068222999573,
                -0.018797894814908563,
                0.8934310658233785,
                0.38677161931991577
            ],
            [
                4.229018912838001e-09,
                0.9997787457196254,
                0.021035432674663814,
                0.0233530942350626
            ],
            [
                0.0,
                0.0,
                0.0,
                1.0
            ]
        ],
        [
            [
                -0.7532557249069214,
                -0.13605097271009942,
                -0.6435028433530041,
                -0.2535231113433838
            ],
            [
                -0.6577277183532715,
                0.15581099206720186,
                0.7369648354369259,
                0.3178717792034149
            ],
            [
                3.096678113934104e-08,
                0.9783726515405949,
                -0.20685002595247545,
                -0.09108123183250427
            ],
            [
                0.0,
                0.0,
                0.0,
                1.0
            ]
        ],
        [
            [
                -0.9908401966094971,
                0.09435068915490925,
                -0.09661124566881878,
                -0.12534265220165253
            ],
            [
                -0.13503994047641754,
                -0.6922873878308125,
                0.7088740458854853,
                0.20918400585651398
            ],
            [
                1.786411019111256e-10,
                0.7154272183911713,
                0.6986873179271771,
                0.1973976045846939
            ],
            [
                0.0,
                0.0,
                0.0,
                1.0
            ]
        ],
        [
            [
                -0.9753109812736511,
                -0.049866996524507885,
                -0.21513244945648255,
                -0.1188797578215599
            ],
            [
                -0.220836341381073,
                0.2202347580461909,
                0.95012005108719,
                0.49004077911376953
            ],
            [
                6.334630597848445e-10,
                0.9741714794157547,
                -0.2258097124798413,
                -0.06847301125526428
            ],
            [
                0.0,
                0.0,
                0.0,
                1.0
            ]
        ],
        [
            [
                -0.6184783577919006,
                0.582135187040109,
                -0.5278288213119565,
                -0.27186185121536255
            ],
            [
                -0.785801887512207,
                -0.45817906316071977,
                0.41543634700679005,
                0.23066815733909607
            ],
            [
                -1.8893391739993604e-08,
                0.6717072673699929,
                0.7408167711019756,
                0.25784429907798767
            ],
            [
                0.0,
                0.0,
                0.0,
                1.0
            ]
        ],
        [
            [
                -0.9999258518218994,
                -0.0041860373941960275,
                -0.011431017325205073,
                0.022983139380812645
            ],
            [
                -0.012173375114798546,
                0.3438427521487725,
                0.9389483037184477,
                0.3450937867164612
            ],
            [
                1.0804979133638426e-10,
                0.9390178623411334,
                -0.34386829273297775,
                -0.060186516493558884
            ],
            [
                0.0,
                0.0,
                0.0,
                1.0
            ]
        ]
    ]
}